ID,medv
1,28.750999999999994
3,35.98900000000001
4,35.85
8,19.31700000000001
16,19.822000000000013
18,19.37200000000001
25,17.883999999999993
29,20.145000000000007
32,20.889999999999997
33,15.256999999999998
34,14.793999999999993
38,21.59
43,23.916000000000004
47,20.691999999999997
48,20.494000000000014
49,19.196000000000005
59,23.470000000000006
61,20.051000000000002
62,20.181
63,24.447000000000006
65,32.127
66,27.653
68,20.507
73,23.643
75,24.52799999999999
78,21.54900000000001
79,21.408000000000012
81,26.96600000000002
83,23.526999999999997
84,23.189000000000007
85,21.857999999999997
87,21.26800000000001
91,22.67899999999999
92,22.556999999999984
93,22.365
96,27.12199999999999
100,36.68799999999997
102,26.81199999999999
109,20.444000000000003
111,20.322999999999997
114,19.419999999999995
115,21.265
116,19.607999999999993
122,26.55799999999999
123,18.83499999999999
125,18.316999999999993
126,23.243000000000002
127,16.468000000000007
129,17.36799999999999
135,14.493999999999982
137,16.084999999999987
138,18.389999999999997
140,15.328999999999997
141,14.959999999999987
145,14.757
146,14.588
147,15.836999999999996
152,21.57
153,21.416999999999998
155,18.520999999999994
156,16.68999999999999
160,28.96900000000001
164,48.881
165,21.945
166,23.025
171,20.909999999999997
172,22.596
173,21.02400000000001
174,22.987999999999985
183,37.578999999999986
196,47.136000000000024
200,33.906000000000034
202,22.363000000000014
203,45.436000000000014
207,22.767000000000003
212,20.322000000000013
214,23.458000000000006
215,19.166000000000007
217,22.03100000000001
218,23.07700000000001
223,24.745999999999984
225,44.83800000000002
228,32.898
229,45.92100000000005
233,46.21500000000004
235,24.389
237,24.273999999999997
238,37.288
240,24.98900000000001
243,21.864999999999995
244,26.06599999999998
248,21.748999999999988
249,23.357000000000014
251,24.987
252,28.243999999999986
259,34.88400000000002
260,32.403
262,43.24600000000004
265,34.86400000000004
266,22.409000000000002
274,39.808000000000014
276,32.836000000000006
277,33.837999999999994
278,32.474000000000004
282,35.548999999999985
284,45.689000000000014
288,23.104
291,31.825000000000014
292,35.51700000000003
294,22.49500000000002
296,25.675999999999995
298,21.20800000000002
299,27.04599999999999
306,24.80500000000001
307,37.51999999999997
311,21.673999999999992
312,25.27499999999999
313,21.743
316,21.228000000000005
317,19.603000000000012
318,20.831000000000007
323,22.841999999999995
324,20.933000000000003
325,23.983999999999984
328,22.171000000000014
331,21.67
332,20.697000000000013
333,21.089000000000013
335,22.327
336,18.973000000000017
339,19.77100000000001
340,19.60600000000001
344,25.750000000000004
345,31.467
346,20.73300000000001
348,24.470000000000006
351,23.924000000000007
354,30.122
357,14.40299999999999
358,20.682000000000006
360,20.60600000000001
364,18.321000000000005
367,19.127000000000006
369,39.63500000000001
370,34.644
371,37.12900000000003
374,12.92599999999999
376,30.227000000000004
377,10.218000000000007
378,14.327999999999992
379,9.151000000000002
381,22.593999999999998
383,11.123999999999992
386,9.646000000000006
391,14.630999999999998
396,12.752999999999993
399,6.995000000000004
403,11.291000000000002
405,7.605
407,12.278999999999996
411,19.529000000000007
414,12.026999999999997
417,13.119999999999997
420,13.127999999999993
421,15.086999999999996
423,18.759
429,13.464000000000004
431,13.046999999999995
435,13.769000000000004
436,12.251999999999994
437,11.573999999999998
439,9.760000000000003
440,12.276999999999996
444,12.252
445,9.834000000000005
447,15.193999999999999
449,14.594999999999986
451,15.323999999999995
457,14.473999999999995
459,16.003999999999998
461,15.643999999999997
468,15.068999999999987
469,14.678000000000006
473,20.024000000000004
475,14.549000000000001
477,16.184999999999995
479,14.038999999999994
483,31.422000000000004
485,21.044
486,21.29900000000001
487,19.670999999999996
488,20.642
490,14.922000000000008
491,15.007000000000003
492,15.236
495,21.561999999999998
499,21.877999999999997
500,20.198999999999998
501,21.377000000000002
503,17.98300000000002
504,35.18899999999999
505,29.294
